x (m) Saturacao
2.500 0.942
5.000 0.926
7.500 0.914
10.000 0.905
12.500 0.897
15.000 0.891
17.500 0.885
20.000 0.879
22.500 0.874
25.000 0.870
27.500 0.865
30.000 0.861
32.500 0.858
35.000 0.854
37.500 0.851
40.000 0.848
42.500 0.845
45.000 0.842
47.500 0.839
50.000 0.836
52.500 0.834
55.000 0.831
57.500 0.829
60.000 0.827
62.500 0.824
65.000 0.822
67.500 0.820
70.000 0.818
72.500 0.816
75.000 0.814
77.500 0.812
80.000 0.811
82.500 0.809
85.000 0.807
87.500 0.805
90.000 0.804
92.500 0.802
95.000 0.801
97.500 0.799
100.000 0.797
102.500 0.796
105.000 0.795
107.500 0.793
110.000 0.792
112.500 0.790
115.000 0.789
117.500 0.788
120.000 0.786
122.500 0.785
125.000 0.784
127.500 0.783
130.000 0.781
132.500 0.780
135.000 0.779
137.500 0.778
140.000 0.777
142.500 0.775
145.000 0.774
147.500 0.773
150.000 0.772
152.500 0.771
155.000 0.770
157.500 0.769
160.000 0.768
162.500 0.767
165.000 0.766
167.500 0.765
170.000 0.764
172.500 0.763
175.000 0.762
177.500 0.761
180.000 0.760
182.500 0.759
185.000 0.758
187.500 0.757
190.000 0.756
192.500 0.756
195.000 0.755
197.500 0.754
200.000 0.753
202.500 0.752
205.000 0.751
207.500 0.750
210.000 0.750
212.500 0.749
215.000 0.748
217.500 0.747
220.000 0.746
222.500 0.745
225.000 0.745
227.500 0.744
230.000 0.743
232.500 0.742
235.000 0.742
237.500 0.741
240.000 0.740
242.500 0.739
245.000 0.739
247.500 0.738
250.000 0.737
252.500 0.736
255.000 0.736
257.500 0.735
260.000 0.734
262.500 0.734
265.000 0.733
267.500 0.732
270.000 0.732
272.500 0.731
275.000 0.730
277.500 0.730
280.000 0.729
282.500 0.728
285.000 0.728
287.500 0.727
290.000 0.726
292.500 0.726
295.000 0.725
297.500 0.724
300.000 0.724
302.500 0.723
305.000 0.722
307.500 0.722
310.000 0.721
312.500 0.721
315.000 0.720
317.500 0.719
320.000 0.719
322.500 0.718
325.000 0.718
327.500 0.717
330.000 0.716
332.500 0.716
335.000 0.715
337.500 0.715
340.000 0.714
342.500 0.713
345.000 0.713
347.500 0.712
350.000 0.712
352.500 0.711
355.000 0.711
357.500 0.710
360.000 0.709
362.500 0.709
365.000 0.708
367.500 0.708
370.000 0.707
372.500 0.707
375.000 0.706
377.500 0.706
380.000 0.705
382.500 0.704
385.000 0.704
387.500 0.703
390.000 0.703
392.500 0.702
395.000 0.702
397.500 0.701
400.000 0.701
402.500 0.700
405.000 0.700
407.500 0.699
410.000 0.699
412.500 0.698
415.000 0.698
417.500 0.697
420.000 0.696
422.500 0.696
425.000 0.695
427.500 0.695
430.000 0.694
432.500 0.694
435.000 0.693
437.500 0.693
440.000 0.692
442.500 0.692
445.000 0.691
447.500 0.691
450.000 0.690
452.500 0.690
455.000 0.689
457.500 0.689
460.000 0.688
462.500 0.687
465.000 0.687
467.500 0.686
470.000 0.686
472.500 0.685
475.000 0.685
477.500 0.684
480.000 0.683
482.500 0.683
485.000 0.682
487.500 0.681
490.000 0.681
492.500 0.680
495.000 0.679
497.500 0.679
500.000 0.678
502.500 0.677
505.000 0.676
507.500 0.675
510.000 0.674
512.500 0.673
515.000 0.671
517.500 0.670
520.000 0.668
522.500 0.665
525.000 0.662
527.500 0.657
530.000 0.650
532.500 0.637
535.000 0.606
537.500 0.474
540.000 0.221
542.500 0.200
545.000 0.200
547.500 0.200
550.000 0.200
552.500 0.200
555.000 0.200
557.500 0.200
560.000 0.200
562.500 0.200
565.000 0.200
567.500 0.200
570.000 0.200
572.500 0.200
575.000 0.200
577.500 0.200
580.000 0.200
582.500 0.200
585.000 0.200
587.500 0.200
590.000 0.200
592.500 0.200
595.000 0.200
597.500 0.200
600.000 0.200
602.500 0.200
605.000 0.200
607.500 0.200
610.000 0.200
612.500 0.200
615.000 0.200
617.500 0.200
620.000 0.200
622.500 0.200
625.000 0.200
627.500 0.200
630.000 0.200
632.500 0.200
635.000 0.200
637.500 0.200
640.000 0.200
642.500 0.200
645.000 0.200
647.500 0.200
650.000 0.200
652.500 0.200
655.000 0.200
657.500 0.200
660.000 0.200
662.500 0.200
665.000 0.200
667.500 0.200
670.000 0.200
672.500 0.200
675.000 0.200
677.500 0.200
680.000 0.200
682.500 0.200
685.000 0.200
687.500 0.200
690.000 0.200
692.500 0.200
695.000 0.200
697.500 0.200
700.000 0.200
702.500 0.200
705.000 0.200
707.500 0.200
710.000 0.200
712.500 0.200
715.000 0.200
717.500 0.200
720.000 0.200
722.500 0.200
725.000 0.200
727.500 0.200
730.000 0.200
732.500 0.200
735.000 0.200
737.500 0.200
740.000 0.200
742.500 0.200
745.000 0.200
747.500 0.200
750.000 0.200
752.500 0.200
755.000 0.200
757.500 0.200
760.000 0.200
762.500 0.200
765.000 0.200
767.500 0.200
770.000 0.200
772.500 0.200
775.000 0.200
777.500 0.200
780.000 0.200
782.500 0.200
785.000 0.200
787.500 0.200
790.000 0.200
792.500 0.200
795.000 0.200
797.500 0.200
800.000 0.200
802.500 0.200
805.000 0.200
807.500 0.200
810.000 0.200
812.500 0.200
815.000 0.200
817.500 0.200
820.000 0.200
822.500 0.200
825.000 0.200
827.500 0.200
830.000 0.200
832.500 0.200
835.000 0.200
837.500 0.200
840.000 0.200
842.500 0.200
845.000 0.200
847.500 0.200
850.000 0.200
852.500 0.200
855.000 0.200
857.500 0.200
860.000 0.200
862.500 0.200
865.000 0.200
867.500 0.200
870.000 0.200
872.500 0.200
875.000 0.200
877.500 0.200
880.000 0.200
882.500 0.200
885.000 0.200
887.500 0.200
890.000 0.200
892.500 0.200
895.000 0.200
897.500 0.200
900.000 0.200
902.500 0.200
905.000 0.200
907.500 0.200
910.000 0.200
912.500 0.200
915.000 0.200
917.500 0.200
920.000 0.200
922.500 0.200
925.000 0.200
927.500 0.200
930.000 0.200
932.500 0.200
935.000 0.200
937.500 0.200
940.000 0.200
942.500 0.200
945.000 0.200
947.500 0.200
950.000 0.200
952.500 0.200
955.000 0.200
957.500 0.200
960.000 0.200
962.500 0.200
965.000 0.200
967.500 0.200
970.000 0.200
972.500 0.200
975.000 0.200
977.500 0.200
980.000 0.200
982.500 0.200
985.000 0.200
987.500 0.200
990.000 0.200
992.500 0.200
995.000 0.200
997.500 0.200
1000.000 0.200
